#PWM Descriptor File
#Contains PWM and pertinent information
#up
10
#down
10
#nucleotides
A	C	G	T
#mat
0.840670406462	0.96660907425	0.929684509606	1.071886558	0.799784616778	1.18515359347	0.822059024821	0.73579163462	0.806541836888	0.643302166961	1.24334576292	1.28021185724	1.09713654852	1.27563558011	0.608687736862	1.10776728819	0.836632056284	0.924266259849	0.783703051031	0.822881785769	1.07637151005
1.05083196339	0.953504938524	1.29824892591	0.93887351688	1.61692228526	0.701293026937	1.12214578718	1.14696587322	1.2830066904	1.43811004046	0.665358216826	0.672207685113	0.855920496373	0.836552355777	1.69890306358	0.876213491886	0.907477443318	1.06666653976	1.1151256444	1.35010385043	1.06880137638
1.06880137638	1.35010385043	1.1151256444	1.06666653976	0.907477443318	0.876213491886	1.69890306358	0.836552355777	0.855920496373	0.672207685113	0.66710672673	1.43811004046	1.2830066904	1.14696587322	1.12214578718	0.701293026937	1.61692228526	0.93887351688	1.29824892591	0.953504938524	1.05083196339
1.07637151005	0.822881785769	0.783703051031	0.924266259849	0.836632056284	1.10776728819	0.608687736862	1.27563558011	1.09713654852	1.28021185724	1.21947260924	0.643302166961	0.806541836888	0.73579163462	0.822059024821	1.18515359347	0.799784616778	1.071886558	0.929684509606	0.96660907425	0.840670406462
